00010100
00000000
00000000
00000000
00000000
00000000
00000000
00000000
00000000
00000000
00000000
00000000
00000000
00000000
00000000
00010100
00000100
00000000
00000000
00000000
00000000
00000000
00000000
00000000
00000000
00000000
00000000
00000000
00000000
00000000
00000000
00000100
00000001
00000000
00000000
00000000
00000000
00000000
00000000
00000000
00000000
00000000
00000000
00000000
00000000
00000000
00000000
00000001
00000000
00000001
00000000
00000000
00000000
00000001
00000000
00000000
00000000
00000001
00000000
00000000
00000000
00000001
00000000
00000000
00000000
00000000
00000000
00000001
00000000
00000000
00000000
00000001
00000000
00000000
00000000
00000001
00000000
00000000
00000000
00000001
01000000
00100000
00000000
00000000
01000000
00100000
00000000
00000000
01000000
00100000
00000000
00000000
01000000
00100000
00000000
00000000
01000000
01100000
00000000
00000000
01000000
01100000
00000000
00000000
01000000
01100000
00000000
00000000
01000000
01100000
00000000
00000000
00010100
00000001
00000010
00000100
00001000
00010000
00100000
01000000
10000000
00000001
00000010
00000100
00001000
00010000
00100000
00010100
00000100
00000000
00000100
00000100
00000100
00000000
00000100
00000000
00000100
00000000
00000100
00000000
00000100
00000000
00000000
00000100
00000001
00000000
00000000
00000000
00000000
00000000
00000000
00000000
00000000
00000000
00000000
00000000
00000000
00000000
00000000
00000001