01000000100000001000000000001001
01000000100000010000000000010010
01000000100000000000000010001010
01000000100000000000001000001101
01000000100000000000100000001111
00110110100000000000010100001011
01000000100000000000001000000000
00001000000000000000010100000000
01000000100000000000001000000001
00001000000000000100010100000001
01000000100000000000000000000010
01000000100000000000001000000011
00001000000000001100010100000011
11000001100000110100000000000011
01111000100000111100011000001110
11000010000000110100000110000001
01111000100000111100100000010001
00011000000000100100100010010101
00110100000000000000011100000110
00110100000000000000101010000111
11100000010000011100001100000010
00100001011111111111110000000011
11000010011000110100000000000001
01111000100000111100100110010100
00011000000001001000101000010110
00100100000000000000101100000010
00100001011111111111011110000001
00100001011111111111011010000000
01000000001000000000000000000000
00000000001000000000000000000000
01000000001000000000000000000000
00000000001000000000000000000000
01000000001000000000000000000000
00000000001000000000000000000000
01000000001000000000000000000000
00000000001000000000000000000000
01000000001000000000000000000000
00000000000000000000000000000000
