01000000100000000000000100000000
01000000001000000000000000000000
01000000100000000000001010000001
01000000001000000000000000000000
00000000001000000000000000000000
01000000001000000000000000000000
00000000001000000000000000000000
01000000001000000000000000000000
01000000001000000000000000000000
00000000001000000000000000000000
00000000001000000000000000000000
01000000001000000000000000000000
00000000001000000000000000000000
01000000001000000000000000000000
00000000001000000000000000000000
01000000001000000000000000000000
00000000001000000000000000000000
01000000001000000000000000000000
00000000001000000000000000000000
01000000001000000000000000000000
00000000001000000000000000000000
01000000001000000000000000000000
00000000001000000000000000000000
01000000001000000000000000000000
00000000001000000000000000000000
01000000001000000000000000000000
00011100000001111000000000000010
00001111011000010000000000000011
00010100000000100000000000000100
00100100000000101000010000000000
00011100000000011100000000000101
00000000000000000000000000000000
